$ 1 0.000005 10.20027730826997 50 5 50 5e-11
v 96 368 96 48 0 0 40 5 0 0 0.5
w 96 48 192 48 1
w 192 48 288 48 0
w 288 48 384 48 0
s 192 48 192 128 0 0 false
s 288 48 288 128 0 1 false
s 384 48 384 128 0 0 false
r 192 128 192 192 0 100
r 288 128 288 192 0 400
r 384 128 384 192 0 800
w 192 192 288 192 0
w 288 192 384 192 0
w 288 224 288 192 0
w 288 224 384 224 0
w 288 224 192 224 0
s 288 224 288 304 0 0 false
s 192 224 192 304 0 1 false
r 192 304 192 368 0 600
r 288 304 288 368 0 200
s 384 224 384 368 0 1 false
w 96 368 192 368 0
w 192 368 288 368 0
w 288 368 384 368 0
